		Maandag		Dinsdag		Woensdag	Donderdag	Vrijdag		Zaterdag	Zondag
00:00	00			50			50			50			50			400			400

01:00	00			00			00			50			50			350			350
02:00	00			00			00			00			00			250			250
03:00	00			00			00			00			00			100			100
04:00	00			00			00			00			00			50			50
05:00	00			00			00			00			00			50			50
06:00	00			50			00			00			00			50			50
07:00	50			50			00			00			00			50			50

08:00	50			50			50			50			50			50			100
09:00	50			50			50			50			50			50			100
10:00	100			100			50			50			50			50			150
11:00	100			100			100			50			100			100			250
12:00	150			100			100			150			100			100			300

13:00	150			100			150			150			100			150			500
14:00	200			150			150			200			150			150			500
15:00	200			150			200			200			150			150			500
16:00	150			150			200			300			150			200			500
17:00	150			200			150			350			200			200			500
18:00	100			200			150			450			200			250			500

19:00	100			150			100			400			300			350			450
20:00	100			150			100			350			500			500			400
21:00	50			100			50			250			500			500			300
22:00	50			50			50			200			500			500			200
23:00	50			50			50			100			500			500			100